6.000000000000000000e+00
5.996561851547574484e+00
5.990842713893698601e+00
5.982217616280727235e+00
5.968369879456990823e+00
5.941769919858447047e+00
5.903583531229172010e+00
5.851254571420590800e+00
5.766328181165639499e+00
5.643049065024539068e+00
5.456301515469597518e+00
5.176594424752622103e+00
4.782578731343916090e+00
4.269393546301378350e+00
3.659937071849454160e+00
3.062156179850425985e+00
2.415706227366442693e+00
1.798253653811244135e+00
1.273285681939281488e+00
8.688031543816592261e-01
5.795779193657359940e-01
3.971011092935521347e-01
2.617274056291734041e-01
1.739836392676981092e-01
1.105189025049098106e-01
5.246171677944300171e-02
7.646827147274493086e-03
-3.177130162071772901e-02
-7.629003520948884898e-02
-1.233054863318132632e-01
-1.770557952954439074e-01
-2.394111881576339584e-01
-3.100575716611748689e-01
-3.883650656828763204e-01
-4.735060176675007781e-01
-5.564078470365868556e-01
-6.488225305757131522e-01
-7.447743255014811492e-01
-8.420992349558655832e-01
-9.392235325516832267e-01
-1.035051388596605060e+00
-1.120759560589036363e+00
-1.212941007969874363e+00
-1.302258769160795415e+00
-1.394430803222550974e+00
-1.503030991675068151e+00
-1.598821447639988680e+00
-1.684508080523121620e+00
-1.776674409923453268e+00
-1.865982689158025343e+00
-1.958148365711541938e+00
-2.053936402969994468e+00
-2.151157369155241028e+00
-2.248216907643727946e+00
-2.344004684808768779e+00
-2.429689740224364236e+00
-2.521854933427496448e+00
-2.617642634566843540e+00
-2.714863372477111625e+00
-2.811922756984655436e+00
-2.907710429806367181e+00
-2.993395418927284446e+00
-3.072384220678329392e+00
